0 0
0 -180
0 -300
0 180
0 240
0 -240
0 300
30 300
30 -300
30 -60
30 -240
30 -360
30 60
30 240
30 360
60 360
60 -360
60 -300
60 -120
60 120
60 300
90 -360
90 -180
90 180
90 360
120 -240
120 240
150 -300
150 300
180 -360
180 360
210 -300
210 300
240 -240
240 240
270 -360
270 -180
270 180
270 360
300 -300
300 -120
300 120
300 300
330 -360
330 360
330 -240
330 -240
330 -60
330 60
330 -300
330 120
330 180
330 -120
330 -180
330 240
330 300
330 0
300 300
0 -360
0 360
300 360
300 -360
-75 -180
-75 180
-125 180
-125 -180